2.53091 3.20046 1.06934 -2.396
2.53091 3.20046 1.06934 -2.396
-3.8784 -133.571 1.39349 0.71
-16.9392 -119.081 6.21045 0.11
15.8852 -120.688 10.8686 0.11
43.7901 -120.098 4.9605 0.118
85.4636 -118.106 3.26681 0.118
97.8638 -130.893 7.9294 0.762
107.332 -99.3672 2.92477 2.126
49.1059 -92.4173 3.12345 2.902
20.8683 -76.7251 2.58967 1.754
20.8186 -31.8561 8.86367 1.754
19.6104 -12.5521 8.45791 1.498
20.4648 75.1224 8.34902 1.486
21.6388 113.223 3.36602 1.502
16.6296 132.958 4.08273 1.246
11.0358 138.367 9.92979 0.678001
16.0439 166.941 8.35961 -1.09802
71.1714 161.094 13.1762 -2.29001
77.5824 125.98 5.84119 -2.05002
101.864 15.514 7.85755 -3.04202
95.7095 -10.4619 7.7488 -2.90602
109.507 -68.3082 6.11489 -2.90602
116.924 -99.2738 5.81919 -2.90602
114.729 -128.276 5.97368 -3.05802
27.3629 -110.481 4.31276 -3.05802
0.9496 -107.848 4.64732 -3.07402
-53.9086 -107.28 6.36573 3.13717
-122.196 -146.294 18.9152 1.57318
-119.472 -98.5077 3.95652 1.44118
-123.097 -65.3394 0.10963 1.15718
-151.675 8.57582 11.8758 -0.086819
-221.644 182.742 78.2545 -0.666819
11.3626 34.561 11.0498 -1.18282
60.3045 -16.4269 6.98967 2.65236
273.081 -389.072 147.583 2.03636
-128.18 -30.8218 31.0653 -0.343637
100.612 147.889 23.7656 -2.41964
-133.012 89.677 47.9636 -0.543641
